 8 92 99 99 83 58 73 2 83 61 92 90 81 17 58 22 63 76 4 2 84 67 46 9 55
 94 85 47 28 82 63 23 90 74 68 31 92 42 69 81 90 13 23 19 87 21 9 18 66 18
 81 52 25 70 29 82 25 98 94 54 53 82 46 80 4 13 60 2 78 91 26 16 23 3 70
 33 87 21 10 59 26 6 93 88 78 8 73 41 76 85 8 53 24 86 63 84 47 16 25 57
 75 30 58 52 63 74 22 48 30 97 16 69 4 41 68 53 19 28 4 55 88 5 62 11 78
 40 87 32 17 56 70 95 19 91 28 24 80 60 10 3 90 81 43 93 15 54 51 43 5 52
 42 8 11 15 75 20 38 19 49 72 92 33 85 88 18 22 10 61 14 78 68 26 21 85 10
 64 26 66 94 64 27 42 70 47 8 25 38 96 84 26 18 3 49 80 6 82 5 41 79 11
 74 40 72 92 80 22 87 73 87 64 33 5 69 71 61 73 67 52 23 21 74 46 76 36 56
 27 45 64 22 45 12 21 82 84 58 76 54 85 12 51 31 58 83 26 69 9 70 64 73 93
 30 37 82 12 84 27 83 81 78 15 88 95 89 30 9 17 22 12 47 47 36 59 3 43 38
 95 2 6 3 50 47 26 70 96 94 12 33 64 89 76 65 34 22 35 47 39 65 89 81 50
 84 96 10 9 43 42 56 28 59 95 32 2 96 23 52 52 11 29 96 18 23 67 49 33 10
 79 6 65 85 71 53 25 83 97 19 73 21 60 76 67 54 86 5 84 88 80 24 13 9 6
 69 65 12 44 89 20 57 61 52 2 52 83 66 99 97 99 53 36 14 23 12 77 25 80 91
 32 22 89 31 32 31 50 95 65 51 22 67 43 82 27 9 40 46 94 82 43 74 50 21 31
 30 8 71 88 52 84 25 69 84 88 9 64 4 69 90 6 2 48 24 26 81 95 37 10 96
 92 91 86 76 76 4 10 84 78 65 28 91 30 78 66 48 75 94 65 99 32 54 4 61 77
 75 64 41 75 53 83 84 30 71 75 3 62 52 15 28 5 31 13 5 15 43 32 67 9 74
 34 25 66 81 84 58 75 59 3 26 29 49 79 42 30 44 50 72 93 27 69 3 79 45 47
 9 30 39 53 32 48 69 22 60 94 47 12 24 68 53 2 17 9 55 49 97 73 5 99 27
 86 74 81 69 40 54 57 40 7 16 57 8 96 28 83 12 87 97 79 83 49 42 57 11 40
 88 65 17 36 23 34 82 14 46 63 71 66 10 46 18 66 9 32 26 89 66 81 15 65 39
 76 16 14 27 3 85 58 40 73 92 22 30 35 96 98 64 53 43 90 92 70 20 88 72 63
 84 63 33 30 72 18 93 13 43 46 7 6 16 16 68 63 45 38 88 43 99 84 27 55 71
 83 53 52 80 61 57 30 72 89 88 15 19 66 70 97 89 56 6 17 58 37 15 95 41 64
 29 8 24 15 43 11 6 59 61 13 81 65 77 27 9 86 44 32 28 50 11 97 58 54 47
 3 87 24 35 44 40 77 76 65 11 58 33 52 13 49 37 27 64 47 37 24 36 81 98 10
 48 50 43 45 96 63 92 55 7 38 33 13 72 40 52 7 3 44 40 90 74 88 12 16 46
 9 22 70 84 67 19 53 83 41 6 17 56 97 32 82 2 21 34 42 22 78 52 42 34 63
 19 13 46 92 72 49 55 4 46 31 12 13 44 58 97 83 92 71 59 60 23 64 66 80 58
 7 44 18 4 74 79 70 22 89 53 16 25 83 62 31 86 69 25 44 34 67 66 37 44 55
 60 4 93 88 83 32 22 95 7 78 12 76 22 38 78 92 33 30 56 29 40 41 72 61 52
 94 22 78 46 3 90 66 97 22 78 64 66 99 31 96 38 61 66 49 73 23 59 37 30 66
 92 30 12 67 38 50 20 46 8 9 6 20 24 84 49 6 42 16 63 68 30 39 25 88 44
 10 3 94 37 31 39 85 71 85 31 26 44 34 64 84 91 97 58 72 10 63 92 16 23 36
 18 96 32 61 8 18 80 55 39 59 43 25 97 12 15 87 60 57 78 2 53 8 17 80 66
 34 61 91 48 24 47 37 95 86 85 35 14 26 29 38 67 56 2 7 13 81 4 76 51 61
 97 7 53 11 53 86 46 49 23 3 26 87 4 59 60 18 44 99 98 62 82 47 96 34 71
 67 50 77 65 50 57 35 60 61 73 28 8 12 34 41 31 68 75 71 55 60 24 22 68 70
 34 75 1 72 30 23 56 25 75 59 47 61 40 28 7 95 5 66 61 29 71 56 73 34 33
 10 11 92 41 26 29 44 87 2 79 97 97 78 49 24 18 89 11 74 88 92 23 34 99 77
 32 56 36 36 43 39 48 26 63 34 84 49 36 91 55 25 44 62 8 3 8 69 7 54 29
 29 49 54 56 21 44 41 85 65 5 26 73 79 39 71 65 16 55 60 76 30 94 16 81 51
 43 64 82 71 44 80 65 30 70 81 8 75 97 61 41 53 41 8 79 47 20 40 58 14 80
 95 75 97 87 25 66 62 75 84 81 92 29 38 98 76 55 58 83 2 10 4 41 58 37 81
 71 35 33 8 73 17 43 12 81 3 31 59 78 1 48 7 78 28 27 48 5 94 15 76 9
 18 95 26 27 27 75 55 79 88 83 15 69 71 91 26 36 73 49 18 83 49 53 60 63 68
 86 79 72 23 45 20 33 25 2 43 50 34 30 85 52 39 76 5 29 16 11 92 3 86 12
 4 84 47 77 98 32 15 7 45 23 98 13 74 67 40 41 16 20 47 11 44 67 88 25 5
 11 59 36 45 74 89 8 5 85 87 58 8 12 73 49 84 11 90 38 19 7 28 81 44 61
 52 27 13 5 67 91 37 56 70 41 95 32 1 6 40 97 78 1 27 43 84 95 47 55 39
 3 53 27 5 35 89 29 28 2 24 42 41 6 92 46 17 85 81 86 24 58 77 46 49 93
 11 85 52 68 69 58 33 57 10 27 59 95 25 20 51 12 5 23 97 78 48 14 95 16 83
 55 17 33 22 47 14 14 12 81 93 67 47 32 10 54 85 51 26 78 79 38 86 62 90 15
 88 28 4 13 32 28 92 60 71 44 75 69 78 95 27 48 98 94 94 34 88 65 64 72 84
 88 29 76 5 9 42 70 26 85 6 39 58 4 31 24 78 30 62 67 4 14 20 17 9 90
 13 93 14 34 78 49 5 6 93 39 51 97 1 78 59 20 68 6 59 82 40 99 70 42 24
 2 13 29 33 16 2 36 37 62 32 29 41 46 29 22 52 72 76 52 91 87 6 36 84 60
 10 13 19 7 65 49 83 31 66 22 94 85 95 10 88 47 3 1 2 4 93 45 81 41 9
 89 29 54 43 90 42 86 69 62 15 86 94 90 91 86 50 27 80 48 52 66 19 65 24 57
 20 13 85 87 24 37 80 78 89 50 72 96 10 27 71 68 82 74 7 13 16 27 75 37 76
 9 21 93 47 85 83 51 23 9 39 29 43 2 11 27 84 75 32 23 61 77 72 82 91 90
 88 68 24 67 59 95 27 5 72 88 91 96 46 66 89 72 67 34 48 79 26 99 87 73 94
 6 44 28 79 47 97 43 44 11 32 91 18 74 43 78 46 7 96 48 58 30 29 75 42 68
 87 20 37 87 74 12 99 30 80 65 68 38 62 45 70 25 9 44 59 48 17 26 25 39 54
 31 76 14 74 89 2 64 95 83 81 96 23 79 79 41 34 23 58 79 36 59 42 70 65 91
 68 28 7 54 21 48 29 29 31 73 76 83 1 69 42 88 90 73 13 57 30 37 10 89 68
 1 95 49 55 58 2 79 21 6 2 94 54 55 47 97 7 70 14 62 93 74 16 90 23 81
 78 99 41 51 97 61 60 74 44 50 69 41 39 52 45 80 72 56 74 49 27 38 52 18 98
 88 69 97 9 80 54 86 86 73 8 47 56 62 45 92 62 49 52 40 96 60 51 44 11 22
 76 82 62 69 18 43 97 64 12 51 40 17 99 7 51 36 93 14 63 13 62 20 5 97 88
 69 68 42 94 89 34 78 29 85 21 20 17 44 60 73 5 90 84 88 2 70 68 58 51 31
 74 45 53 95 93 32 2 6 44 91 97 78 89 98 33 37 34 99 10 61 48 10 61 8 18
 11 66 26 1 72 22 70 65 82 87 11 16 94 38 80 14 94 34 98 27 59 69 83 82 7
 16 76 69 44 25 31 7 29 44 82 76 87 86 66 85 69 84 19 20 10 66 72 35 60 27
 18 61 92 80 9 63 8 63 91 41 86 65 74 84 83 68 87 33 23 85 97 81 49 99 42
 41 27 42 51 69 2 51 7 19 1 60 45 82 42 35 44 27 90 48 64 73 75 42 35 89
 3 92 57 46 10 84 5 14 27 73 23 4 38 29 59 58 87 41 34 97 19 73 21 9 37
 28 48 12 76 69 7 43 57 70 27 24 69 36 50 4 9 72 6 15 34 37 91 74 46 25
 35 98 29 91 76 41 83 68 59 1 58 53 66 10 31 72 57 60 18 8 3 32 23 94 34
 25 40 97 25 95 86 92 91 56 48 19 78 44 77 31 75 83 66 30 63 90 45 11 20 85
 26 96 97 31 85 62 68 12 21 85 71 47 95 57 20 67 51 58 47 72 31 71 26 28 2
 49 88 73 86 94 84 51 87 29 70 71 51 90 54 9 30 34 67 3 55 16 76 10 36 89
 15 8 77 92 96 36 48 33 63 55 70 31 83 18 31 80 10 42 63 77 74 49 93 33 36
 27 82 5 45 77 34 85 86 53 76 26 83 78 21 52 56 14 94 74 65 69 80 12 51 89
 46 5 43 96 68 31 3 85 25 95 99 12 42 55 22 42 95 61 40 36 46 77 46 6 92
 64 59 88 66 61 66 4 2 18 17 41 55 47 10 49 89 74 82 35 50 15 24 36 59 2
 78 74 67 61 5 81 71 4 29 64 3 12 76 79 29 95 28 65 27 74 14 65 23 56 57
 70 74 87 25 59 50 71 60 24 84 90 37 53 47 10 29 56 95 41 44 15 54 98 48 77
 7 80 69 35 22 7 1 63 91 23 97 3 4 47 50 93 18 84 30 91 65 37 58 93 31
 43 32 83 83 27 58 13 44 21 94 43 86 66 36 88 81 46 81 72 43 44 38 88 1 26
 63 32 17 39 99 24 1 24 96 50 61 45 52 15 46 47 23 99 29 5 16 55 70 24 95
 15 88 21 46 71 15 64 27 50 43 25 81 2 85 83 74 59 61 11 68 71 23 11 41 36
 99 77 66 24 84 81 83 74 44 40 4 12 23 72 2 34 31 49 14 24 91 56 97 61 83
 77 26 31 77 77 16 99 78 97 62 76 93 14 62 34 37 61 90 76 68 23 59 14 11 91
 35 18 48 43 92 9 59 96 10 81 96 36 98 35 90 25 53 33 71 36 70 75 20 61 50
 40 77 55 93 3 26 78 41 58 46 8 26 13 97 6 47 9 10 8 16 29 71 60 43 18
 57 67 49 61 70 16 95 3 96 63 3 94 12 79 41 37 48 66 20 40 23 3 35 15 28
 60 52 54 76 68 13 46 24 35 8 81 5 96 58 36 66 52 95 67 54 62 79 89 23 20
